focal_length: 7.215377000000e+02 
pp: 6.095593000000e+02 1.728540000000e+02
